000009
000021
000023
000030
000032
000035
000036
000064
000073
000081
000083
000089
000099
000104
000107
000113
000122
000129
000133
000138
000150
000158
000159
000164
000165
000169
000171
000177
000193
000200
000210
000214
000225
000236
000242
000244
000246
000257
000259
000266
000269
000276
000278
000282
000294
000298
000302
000306
000308
000320
000323
000328
000332
000337
000338
000354
000359
000363
000372
000382
000394
000400
000408
000417
000428
000433
000435
000438
000443
000448
000454
000463
000464
000470
000476
000477
000482
000486
000489
000498
000499
000500
000508
000516
000518
000523
000524
000525
000530
000537
000555
000577
000579
000581
000597
000609
000612
000619
000622
000626
000656
000676
000680
000684
000690
000695
000699
000709
000720
000726
000733
000742
000760
000764
000767
000772
000777
000793
000794
000796
000797
000806
000814
000820
000827
000843
000848
000849
000850
000851
000854
000859
000860
000874
000876
000878
000879
000895
000903
000906
000911
000915
000917
000918
000920
000921
000948
000949
000954
000958
000962
000967
000971
000980
000991
000999
001004
001009
001036
001042
001043
001057
001060
001061
001066
001071
001073
001079
001082
001084
001091
001104
001113
001127
001130
001143
001145
001147
001156
001164
001168
001170
001171
001182
001207
001209
001211
001225
001229
001233
001239
001250
001259
001265
001266
001272
001279
001284
001287
001298
001299
001304
001309
001310
001311
001314
001316
001324
001327
001333
001337
001346
001348
001350
001352
001362
001365
001378
001388
001390
001409
001418
001420
001426
001427
001430
001434
001443
001450
001451
001467
001468
001486
001490
001499
001504
001509
001510
001514
001515
001517
001523
001524
001526
001532
001541
001548
001555
001556
001561
001571
001577
001579
001598
001610
001614
001617
001632
001642
001643
001649
001654
001669
001675
001680
001684
001685
001686
001689
001691
001699
001711
001713
001714
001721
001723
001725
001726
001727
001730
001734
001738
001739
001741
001747
001749
001750
001755
001756
001758
001759
001766
001768
001784
001787
001793
001795
001799
001800
001809
001810
001818
001825
001828
001832
001833
001855
001887
001888
001894
001896
001899
001902
001915
001918
001932
001938
001941
001944
001950
001963
001964
001971
001977
001978
001999
002011
002020
002022
002030
002034
002042
002043
002055
002061
002067
002082
002088
002091
002094
002095
002114
002116
002142
002146
002151
002152
002156
002169
002176
002184
002187
002190
002193
002196
002202
002209
002212
002215
002220
002237
002241
002249
002256
002265
002272
002276
002287
002329
002330
002337
002342
002345
002361
002369
002378
002382
002384
002405
002407
002410
002413
002437
002444
002445
002448
002450
002460
002470
002471
002472
002476
002477
002480
002481
002483
002491
002494
002520
002524
002533
002539
002540
002545
002547
002558
002564
002572
002578
002579
002586
002589
002595
002603
002609
002615
002618
002625
002633
002634
002643
002649
002657
002658
002670
002675
002677
002684
002691
002693
002696
002706
002710
002713
002717
002718
002721
002730
002732
002735
002741
002744
002749
002751
002760
002766
002767
002776
002784
002785
002786
002791
002794
002796
002803
002804
002807
002815
002826
002838
002855
002864
002870
002873
002879
002880
002881
002884
002886
002899
002912
002913
002914
002915
002916
002924
002931
002933
002934
002935
002938
002944
002957
002958
002960
002962
002963
002965
002969
002975
002976
002977
002986
002987
003002
003003
003017
003023
003031
003034
003042
003044
003057
003063
003065
003078
003082
003088
003100
003105
003107
003116
003121
003140
003147
003150
003169
003170
003175
003177
003181
003184
003189
003205
003218
003247
003250
003254
003260
003261
003290
003292
003293
003294
003301
003307
003313
003316
003325
003327
003330
003339
003343
003344
003349
003354
003362
003367
003369
003374
003376
003377
003386
003390
003391
003396
003397
003403
003406
003407
003410
003416
003417
003422
003424
003425
003430
003433
003443
003450
003455
003458
003465
003466
003468
003469
003484
003491
003492
003500
003518
003519
003524
003528
003530
003536
003539
003546
003550
003556
003565
003566
003575
003577
003580
003585
003586
003594
003603
003614
003620
003625
003638
003640
003645
003646
003648
003651
003656
003663
003671
003673
003674
003681
003688
003694
003700
003705
003708
003711
003717
003740
003748
003749
003750
003759
003774
003779
003781
003803
003807
003811
003817
003828
003846
003847
003855
003856
003860
003865
003868
003872
003874
003877
003889
003890
003891
003905
003912
003913
003921
003923
003932
003935
003937
003939
003945
003948
003949
003953
003960
003961
003963
003965
003970
003984
004008
004013
004014
004015
004020
004025
004028
004031
004033
004034
004047
004051
004058
004060
004075
004076
004091
004092
004095
004113
004122
004129
004141
004142
004146
004149
004150
004158
004168
004169
004178
004191
004200
004205
004209
004212
004239
004258
004259
004265
004271
004272
004273
004279
004287
004292
004296
004298
004304
004307
004310
004312
004339
004345
004347
004349
004356
004360
004387
004392
004397
004424
004432
004433
004434
004437
004438
004450
004455
004457
004463
004464
004466
004471
004495
004499
004509
004512
004518
004520
004524
004530
004535
004537
004542
004551
004574
004600
004601
004604
004609
004631
004634
004644
004647
004653
004654
004672
004673
004679
004687
004692
004694
004699
004707
004708
004715
004722
004732
004742
004743
004750
004760
004770
004782
004792
004794
004796
004799
004815
004826
004840
004846
004848
004852
004856
004857
004866
004876
004897
004902
004907
004913
004928
004935
004939
004943
004946
004953
004954
004955
004966
004972
004974
004976
004985
004987
004990
004994
004998
004999
005014
005023
005027
005033
005039
005045
005056
005057
005058
005061
005064
005078
005084
005094
005097
005101
005104
005116
005121
005124
005129
005130
005138
005144
005160
005189
005202
005203
005219
005223
005231
005236
005239
005242
005248
005253
005254
005273
005278
005281
005288
005303
005306
005307
005312
005315
005327
005331
005343
005344
005348
005352
005371
005379
005384
005385
005398
005404
005408
005410
005417
005418
005419
005424
005430
005433
005441
005448
005451
005455
005469
005470
005497
005509
005519
005524
005526
005536
005547
005559
005563
005574
005582
005585
005590
005600
005601
005606
005608
005611
005613
005615
005618
005624
005631
005636
005637
005644
005645
005648
005652
005658
005660
005664
005669
005672
005693
005700
005702
005719
005728
005731
005732
005747
005752
005769
005779
005784
005786
005790
005805
005812
005814
005818
005824
005826
005829
005836
005841
005845
005852
005854
005859
005873
005877
005881
005884
005888
005889
005899
005901
005910
005917
005923
005928
005930
005938
005940
005947
005954
005961
005964
005980
005985
005988
005989
006011
006026
006028
006029
006041
006065
006070
006091
006095
006098
006105
006108
006111
006125
006130
006134
006136
006139
006140
006151
006158
006161
006170
006175
006176
006183
006190
006202
006221
006225
006229
006230
006233
006234
006235
006240
006243
006247
006251
006259
006260
006262
006267
006276
006282
006284
006285
006289
006291
006300
006318
006341
006346
006351
006352
006353
006355
006366
006381
006395
006409
006427
006429
006444
006445
006450
006456
006459
006463
006473
006482
006486
006488
006495
006497
006506
006507
006512
006519
006520
006532
006536
006543
006547
006548
006556
006560
006562
006565
006576
006597
006599
006606
006610
006611
006612
006617
006618
006621
006625
006645
006647
006648
006658
006667
006668
006674
006677
006678
006679
006682
006698
006699
006706
006708
006709
006718
006722
006725
006727
006739
006740
006751
006760
006761
006762
006781
006786
006799
006800
006802
006813
006825
006829
006835
006836
006841
006858
006862
006864
006868
006876
006887
006896
006899
006908
006911
006916
006939
006940
006943
006944
006945
006948
006950
006952
006956
006959
006963
006965
006968
006983
006987
006988
007007
007008
007016
007020
007022
007023
007031
007035
007036
007046
007048
007049
007050
007072
007073
007092
007093
007109
007114
007117
007122
007138
007139
007146
007147
007149
007150
007159
007166
007172
007182
007184
007185
007187
007189
007194
007204
007212
007213
007214
007215
007216
007217
007223
007230
007236
007243
007245
007249
007260
007261
007270
007271
007296
007298
007299
007300
007305
007318
007322
007325
007330
007334
007343
007346
007350
007369
007381
007389
007411
007413
007414
007421
007433
007436
007445
007448
007454
007466
007480
007481
007482
007497
007511
007517
007530
007537
007547
007558
007565
007568
007570
007576
007578
007579
007590
007605
007611
007612
007615
007618
007637
007649
007668
007671
007675
007678
007680
007682
007683
007694
007697
007709
007712
007713
007718
007721
007723
007727
007749
007760
007765
007772
007775
007786
007791
007793
007813
007814
007824
007834
007841
007845
007853
007872
007877
007897
007900
007902
007915
007924
007928
007931
007932
007953
007954
007979
007984
007996
007997
007998
008005
008008
008009
008017
008023
008024
008032
008033
008040
008043
008051
008053
008062
008069
008072
008079
008082
008083
008084
008085
008091
008096
008103
008117
008132
008139
008142
008160
008163
008164
008169
008171
008186
008190
008191
008199
008200
008202
008211
008220
008225
008226
008229
008232
008241
008248
008253
008254
008263
008269
008281
008293
008313
008317
008320
008345
008346
008349
008355
008368
008374
008376
008381
008385
008390
008391
008403
008410
008413
008415
008416
008423
008425
008426
008427
008433
008437
008438
008442
008443
008449
008452
008453
008467
008482
008485
008521
008524
008526
008533
008534
008542
008550
008558
008559
008573
008576
008585
008592
008604
008628
008635
008638
008639
008644
008647
008663
008670
008690
008692
008698
008701
008702
008706
008718
008722
008731
008732
008738
008739
008742
008744
008748
008752
008756
008764
008766
008768
008769
008775
008809
008813
008815
008817
008822
008833
008836
008841
008849
008854
008867
008872
008876
008880
008884
008885
008886
008890
008892
008900
008917
008920
008926
008930
008931
008943
008951
008953
008960
008965
008975
008976
008983
009005
009020
009034
009036
009048
009049
009064
009066
009078
009079
009080
009099
009117
009160
009166
009180
009184
009185
009195
009202
009208
009209
009214
009239
009246
009251
009255
009259
009271
009285
009290
009291
009306
009309
009312
009316
009318
009324
009327
009330
009331
009337
009362
009368
009375
009377
009378
009393
009398
009407
009410
009418
009421
009422
009424
009429
009440
009448
009456
009463
009464
009465
009468
009469
009470
009477
009479
009488
009494
009497
009500
009502
009512
009516
009517
009520
009524
009526
009528
009541
009545
009546
009549
009551
009557
009562
009567
009577
009579
009586
009591
009609
009611
009617
009621
009647
009654
009656
009658
009666
009668
009670
009671
009676
009691
009698
009707
009710
009711
009712
009713
009717
009732
009734
009743
009749
009755
009756
009762
009767
009772
009776
009781
009789
009792
009805
009808
009813
009816
009819
009822
009828
009842
009845
009848
009851
009859
009865
009868
009870
009874
009877
009880
009881
009882
009886
009900
009918
009926
009949
